주제분류,문화시설명,주소,X좌표,Y좌표
기타,경희대학교,서울특별시 동대문구 경희대로 26,37.59508000957669,127.04930180082712
공연장,우란2경,서울특별시 성동구 연무장7길 11,37.54378949907664,127.0544188534374
도서관,구립은평뉴타운도서관,서울특별시 은평구 진관2로 111-51,37.63723039689538,126.93311834754995
문화예술회관,노원문화예술회관,서울특별시 노원구 중계로 181,37.65023585990375,127.08026925498874
미술관,서울시립미술관 SeMA창고,서울특별시 은평구 통일로 684,37.60940533804935,126.93495535259598
공연장,동숭무대,서울특별시 종로구 혜화로 35,37.58868965585108,126.99917120271677
도서관,고척도서관,서울  구로구 고척동  고척로45길 31,37.5053516,126.8532545
기타,양천구민체육센터,서울  양천구 신정동 322-10 ),37.5165626,126.8644841
박물관/기념관,한국미술박물관,서울  종로구,37.5808916,126.9890575
기타,금천예술공장,서울시 금천구 범안로15길 57,37.4689151172,126.8919130351
도서관,송파도서관,서울  송파구 오금동 51 ),37.4999933,127.1348396
박물관/기념관,세종대왕기념관,서울  동대문구 청량리동 1-157 ),37.5908164,127.0435894
문화예술회관,북촌 서울무형문화재 교육전시장,종로구 북촌로 20-13,37.5769527,126.9911313
문화원,독일문화원,서울  용산구 후암동 339-1 ),37.5507720,126.9828149
문화원,영국문화원,서울  종로구 신문로1가 226 ),37.5696296,126.9721884
도서관,반포도서관,서울특별시 서초구 고무래로 34,37.5024886051,127.012512651
문화예술회관,강북 문화예술회관,서울  강북구,37.6408544,127.0133421
박물관/기념관,용산도시기억전시관,한강로3가 64-1  용산센트럴파크 해링턴스퀘어 공공시설동 12층,37.5268663293705,126.966879673505
기타,광진교 8번가,서울특별시 강동구 천호2동 527-2 광진교 8번가,37.5451462595072,127.112687934633
박물관/기념관,서울생활사박물관,서울특별시 노원구 동일로 174길 27 서울생활사박물관,37.6189510142108,127.076783607411
박물관/기념관,공평도시유적전시관,서울특별시 종로구 우정국로 26,37.5714966636936,126.983659015157
미술관,김영옥 미술관,서울특별시 종로구 창의문로10길 11,37.5938781052674,126.964253937947
기타,양천문화재단,서울특별시 양천구 목동동로 81,37.5159760603841,126.86385454407
박물관/기념관,국립한글박물관,서울  용산구 용산동6가 412-6,37.52124302266645,126.98085981255221
기타,동대문구청,서울  동대문구 용두동 39-9 ),37.5745240,127.0396500
공연장,강동아트센터,서울  강동구 상일동 (동남로) 870,37.551449,127.157598
공연장,세종문화회관,서울 종로구 세종대로 175,37.5726241,126.9760053
공연장,은평문화예술회관,서울  은평구 녹번동 85-4  녹번동,37.6039162966,126.9283646429
도서관,영등포평생학습관,서울  영등포구 당산동 121-22 ),37.5260740,126.9073520
도서관,도봉도서관,서울  도봉구 쌍문동 422-163 ),37.6528150,127.0129630
기타,강북구청,서울  강북구 수유동 192-59 ),37.6397480,127.0254820
기타,구로구청,서울  구로구 구로동 ),37.4954720,126.8875360
기타,노들섬 복합문화공간,서울특별시 용산구 양녕로 445,37.5176638307111,126.958036465507
박물관/기념관,국립중앙박물관,서울  용산구 용산동6가    서빙고로 137,37.5240867,126.9803881
도서관,문래정보문화도서관,서울  영등포구 문래동3가  문래로20길 49,37.5169513,126.8908871
도서관,구로구립꿈나무어린이도서관,서울  구로구 구로동로26길 54 2층,37.4895362,126.8863800
공연장,양천구 해누리타운 아트홀,서울시 양천구 목동동로 85 2충,37.515830,126.863811
공연장,방송회관 코바코홀,서울시 양천구 목동동로 233 2층,37.526966,126.871368
기타,중구평생학습센터,서울특별시 중구 예관동 120-1,37.563755,126.997541
기타,예지원,서울  중구 장충동2가 201-6  5-19,37.5517333,127.0024000
공연장,LG아트센터,서울  강남구 역삼동  논현로 508,37.5021909,127.0377378
미술관,삼성미술관 리움,서울특별시 용산구 이태원로55길 60-16,37.5384609092,126.9992939585
공연장,반포심산아트홀,서울  서초구 반포동   114-3,37.4988344628,126.9912424758
기타,행화탕,서울  마포구 아현동  613-11,37.5526991252,126.9555018705
미술관,갤러리 인,서울  종로구 팔판동 141 ),37.5816953,126.9804329
미술관,한미사진미술관,서울  송파구 방이동 45 ),37.5166295,127.1141094
도서관,고덕평생학습관,서울  강동구 고덕동 296 ),37.5561464,127.1579849
기타,동대문구민체육센터,서울  동대문구 장안동 ),37.5665701,127.0734247
도서관,관악문화관도서관,서울  관악구 신림동 209-1 ),37.4677179,126.9445375
문화예술회관,송파구체육문화회관,서울  송파구 거여동 289 ),37.4906482,127.1427868
공연장,정동극장,서울  중구 정동 8-11 길 43 (정동),37.5658626,126.9728014
도서관,국립어린이청소년 도서관,서울  강남구 역삼동   테헤란로7길 21,37.5009712,127.0296909
공연장,종로구민회관,서울  종로구 창신동 222-8 ),37.5734077,127.0143152
도서관,증산정보도서관,서울  은평구 증산동  증산로5길 6,37.5827270,126.9075589
기타,양천구청,서울  양천구 신정동 321-4 ),37.5170160,126.8666420
도서관,송중문화정보센터,서울  강북구 미아동 138-11 ),37.6183421,127.0300330
문화원,롯데월드 아이스링크,서울  송파구,37.5112680,127.0986991
공연장,신월문화체육센터,서울  양천구 신월동  지양로 37,37.5198479,126.8350363
기타,강서구시설관리공단,서울  강서구 화곡동 1103-6 ),37.5530024,126.8484762
문화예술회관,동대문문화회관,서울  동대문구 답십리동 ),37.5717914,127.0637934
박물관/기념관,한성백제박물관,서울 송파구 위례성대로 71,37.515505,127.121175
박물관/기념관,한국분재박물관,서울  서초구,37.4534995,127.0756066
공연장,한국문화예술위원회,서울  구로구 구로동 26-1  ),35.0207620,126.7819340
미술관,가람화랑,서울  종로구 관훈동 30-10 ),37.5742750,126.9855750
미술관,간송미술관,서울  성북구 성북동  성북로 102-11,37.5936596,126.9969050
도서관,자양4동도서관,서울  광진구 자양동 ),37.5340938,127.0662260
도서관,아리향기작은도서관,서울  강서구 염창동 53-1  2층 아리향기작은도서관,37.5537362431,126.870985349
문화예술회관,어린이회관,서울  광진구 능동 18-11,37.5469995,127.0781746
문화원,한국스카이다이빙협회,서울  송파구 잠실동 175-12 ),37.5114649,127.0805072
기타,온조대왕문화체육관,서울  강동구 고덕동 296 ),37.5567379,127.1574722
기타,용산문화체육센터,서울  용산구 문배동 19-2 ),37.5373623,126.9676924
기타,서울연극센터,서울 종로구 창경궁로 253-1 2층,37.5833444,127.0013025
도서관,성동구립도서관,서울  성동구 행당동 142-4 ),37.5592667,127.0349875
기타,동대문구민회관,서울  동대문구 장안동 354-5 ),37.5672385,127.0733795
도서관,종로도서관,서울  종로구 사직동 1-28 ),37.5764744,126.9664576
문화예술회관,마포아트센터,서울  마포구 대흥동  ),37.5499041,126.9455277
미술관,국립현대미술관,서울  중구 정동  세종대로 99 덕수궁미술관,37.5658456,126.9737396
문화원,강북청소년문화정보도서관,서울  강북구 미아동   (삼양로54길 68),37.6231131,127.0216031
미술관,국립현대미술관 서울관,서울  종로구 삼청로 30,37.579482,126.980363
문화원,종로문화원,서울  종로구 사간동 122-4,37.5761054,126.9803283
도서관,어린이도서관,서울  종로구 사직동  사직로9길 7,37.5765345,126.9678698
기타,올림픽기념국민생활관,서울  종로구 혜화동  성균관로 91,37.5904911,126.9988244
도서관,광진정보도서관,서울  광진구 광장동 112 ),37.5507093,127.1103315
공연장,창무예술원- 드 포스트,서울  마포구 창전동 5-9 ),37.5542772,126.9305347
미술관,서울시립미술관 남서울분관,서울  관악구 남현동 1059-13 ),37.4760646,126.9795205
공연장,전통연희상설극장 광화문아트홀,서울  종로구 사직동 284-1  광화문아트홀,37.57426,126.9624155
공연장,문화정원아트홀,서울  금천구 독산동 296-9,37.4717842,126.8936703
기타,시민청,서울  중구 세종대로110 B1 B2,37.566634997636804,126.97867495087418
공연장,블루스퀘어(Blue Square),서울  용산구 한남동 727-56,37.5407025699,127.002647735
기타,동작구청,서울  동작구 노량진동 47-2 ),37.5124500,126.9395000
기타,강남문화재단,서울특별시 강남구 선릉로 668 5층,37.5163196785267,127.042314793327
미술관,노화랑,서울  종로구 관훈동 103 ),37.5748997,126.9839998
기타,서울풍물시장 전통문화체험관,서울특별시 동대문구 천호대로4길 21,37.5727131853349,127.025502937291
도서관,한국사회과학도서관,서울  종로구 사직동 304-28 ),37.5735320,126.9644200
미술관,서울시립미술관 경희궁분관,서울  종로구 신문로2가 2-1 ),37.5700833,126.9687074
문화원,무계원,서울  종로구 부암동 315-3    (창의문로 5가길 2),37.5918679,126.9634368
공연장,우리금융아트홀,서울  송파구,37.5168685,127.1250335
도서관,동작도서관,서울  동작구 노량진동 310-150 ),37.5059908,126.9401667
도서관,서대문도서관,서울  서대문구 연희동 1-116 ),37.5834154,126.9408496
공연장,민속극장풍류,서울  강남구 삼성동 112-2  ),37.5099100,127.0443640
공연장,한국의 집 민속극장,서울  중구 필동2가 80-2 ),37.5603974,126.9946116
기타,강남스포츠문화센터,서울  강남구 수서동 718 ),37.4891013,127.1052500
기타,대진체육관,서울  강남구 개포동 13-1 ),37.4960680,127.0787594
문화원,영등포문화원,서울  영등포구,37.5152408,126.9108259
도서관,동작구 통합도서관,서울  동작구 대방동 49-6 ),37.5127667,126.9339500
문화예술회관,금나래아트홀도서관,서울  금천구 시흥동 1020 ),37.4565795,126.8957384
기타,흑석체육센터,서울  동작구 흑석동  현충로 73,37.5099926,126.9633745
문화예술회관,사당문화회관,서울  동작구 사당동 248-6 ),37.4846843,126.9695831
기타,마포구시설관리공단(아트센터),서울  마포구 대흥동   대흥로20길 28,37.5499041,126.9455277
도서관,용산구 효창사랑 작은도서관,서울특별시 용산구 효창원로 160,37.5422969256,126.9628313462
박물관/기념관,건국대학교 박물관,서울  광진구 화양동 1 ),37.5423736,127.0755788
공연장,서초구민체육센터,서울  서초구 반포동 114-3 ),37.4987920,126.9905045
기타,송파구청,서울  송파구 신천동 29-5 ),37.5145160,127.1062440
도서관,송파구립거마도서정보센터,서울  송파구,37.4935731,127.1468821
공연장,서초구민회관,서울  서초구 양재동 ),37.4818178,127.0360176
박물관/기념관,연세대학교 김대중도서관,서울  마포구 동교동   서울시 마포구 신촌로 4길 5-26 (동교동 178-9),37.5569718,126.9296033
도서관,남산도서관,서울  용산구 후암동  남산공원길 3,37.5530786,126.9813340
기타,국립국어원 우리말 꿈터,서울  강서구 방화동 827,37.5790499618,126.8138119134
미술관,학고재,서울  종로구 소격동 70 ),37.5803760,126.9802633
기타,녹사평 용산공원 플랫폼,서울특별시 용산구 녹사평대로 지하 195,37.5348314193581,126.987028473368
기타,남산골한옥마을,서울시 중구 퇴계로 34길 28,37.5591447,126.9936826
공연장,코엑스 오디토리움,서울  강남구 삼성동 159 ),37.5125518,127.0587767
박물관/기념관,국립고궁박물관,서울  종로구 세종로 1-57  ),37.5766678,126.9749224
미술관,서울시립 북서울미술관,서울  노원구 동일로 1238,37.6409660,127.0667885
공연장,떡? 부엌살림 박물관,서울  종로구 와룡동 164-2 ),37.5749730,126.9906760
기타,우이신설 문화예술철도 정릉역,서울특별시 성북구 아리랑로 122,37.6026413699369,127.013505689707
기타,신림(다목적)체육센터,서울  관악구 신림동  난곡로64가길 19,37.4800959,126.9160174
문화원,관악문화원,서울  관악구 신림동 209-1 ),37.4678198,126.9447491
기타,강남구민체육관,서울  강남구 개포동 1271 ),37.4771320,127.0518293
도서관,강동구립해공도서관,서울  강동구 천호동 360 ),37.5439721,127.1255997
기타,은평구평생학습관,서울  은평구 역촌동 14-34,37.6078003952,126.9211897627
박물관/기념관,허준박물관,서울  강서구 가양동 26-5  허준박물관,37.5680241045,126.8509754776
공연장,서울강서문화원,서울  강서구 화곡동 우장산동 111-90,37.544720421764325,126.84376964362978
공연장,세실아트홀,서울  강남구 신사동 616-7,37.5281527704,127.0318444257
도서관,도봉기적의도서관,서울  도봉구 도봉동 652-2  마들로797,37.6812003,127.0502366
문화예술회관,개포디지털혁신파크 열림관,서울  강남구 개포동 153-153  개포디지털혁신파크 열림관,37.4882029,127.0629127
기타,해공체육문화센터,서울  강동구 천호동 399-1 ),37.5421167,127.1297250
도서관,은평구립도서관,서울  은평구 불광동 59-32 ),37.6190451,126.9283998
문화원,프랑스문화원,서울  중구 봉래동1가 10 ),37.5595936,126.9737305
기타,우이신설 문화예술철도 솔샘역,서울 강북구 미아동 1353-20,37.6202632370899,127.013037553925
기타,구로구민체육센터,서울  구로구 고척동 ),37.5066167,126.8533046
문화예술회관,구로아트밸리예술극장,서울  구로구 구로동 101 ),37.4966724,126.8888810
기타,금천구청,서울  금천구 시흥동 ),37.4570784,126.8957012
기타,금천구시설관리공단,서울  금천구 시흥동 985-26 ),37.4457770,126.9026540
문화원,금천문화원,서울  금천구,37.4463856,126.9044675
기타,관악구민종합체육센터,서울  관악구,37.4730143,126.9601883
기타,강남구청,서울  강남구 삼성동 16-1 ),37.5173050,127.0475020
문화원,목동아이스링크,서울  양천구 목동  안양천로 939,37.5307960,126.8792670
도서관,개포도서관,서울  강남구 개포동  선릉로4길 30,37.4829604,127.0637690
박물관/기념관,은평역사한옥박물관,서울 은평구 연서로50길 8,37.6404009547,126.9380554763
기타,금빛휘트니스센터,서울  금천구 시흥동  금하로 668,37.4528929,126.9042500
미술관,로댕갤러리,서울  중구,37.5614574,126.9751773
미술관,문예진흥원 아르코미술관,서울  종로구 동숭동 1-130 ),37.5805409,127.0032407
문화원,잠실종합운동장,서울  송파구 잠실동 10 ),37.5148022,127.0736261
미술관,소호 아트 갤러리,서울  종로구 필운동 90-1  소호빌리지),37.5778578,126.9692651
문화원,도봉문화원,서울  도봉구 창동 303 ),37.6540470,127.0383300
기타,서울타워,서울  용산구 용산동2가 1-3      ),37.5512294,126.9882659
박물관/기념관,윤동주문학관,서울특별시 종로구 창의문로 119,37.592096942441,126.96706863952
기타,서서울예술교육센터,서울특별시 양천구 남부순환로64길 2,37.5282200532654,126.832145687907
기타,우이신설 문화예술철도 화계역,서울 강북구 수유동 472-691,37.6340164940984,127.017481698619
공연장,CGV 명동,서울  중구 명동2가  명동길 14 눈스퀘어 8층,37.5633303,126.9826431
기타,서울식물원,서울시 강서구 마곡동로 161,37.5693690930038,126.83523426110388
기타,내곡느티나무쉼터,서울특별시 서초구 염곡말길 9,37.4618248738,127.0506971568
공연장,남산예술센터드라마센터(구 동랑예술센터),서울  중구 예장동 8-19 ),37.5586795,126.9882338
공연장,KBS홀,서울  영등포구 여의도동  여의공원로 13,37.5259171,126.9152678
기타,강동구청,서울  강동구 성내동 540    ),37.5301260,127.1237708
도서관,강동구립성내도서관,서울  강동구 성내동 385 ),37.5328592,127.1333198
도서관,아리랑정보도서관,서울  성북구 돈암동  아리랑로 82,37.5998987,127.0139750
기타,서초여성가족플라자,서울특별시 서초구 잠원로8길 38,37.5135493834,127.0121073011
도서관,금천구립독산도서관,서울 금천구 독산로54길 114,0,0
도서관,노원정보도서관,서울  노원구 상계동 686 ),37.6611110,127.0650744
공연장,서울애니시네마,서울  중구 예장동 8-145 ),37.5588000,126.9877125
도서관,LG상남도서관,서울  종로구 원서동  창덕궁 1길 18,37.5797353,126.9884800
도서관,강서도서관,서울  강서구 등촌동 520-6 ),37.5478818,126.8599269
박물관/기념관,한상수자수박물관,서울  종로구 가회동 11-32 ),37.5827892,126.9856418
문화예술회관,강동구민회관,서울  강동구 천호동 41 ),37.5458583,127.1411875
공연장,도봉구민회관,서울  도봉구 창동 303 ),37.6541068,127.0384528
도서관,월계문화정보도서관,서울  노원구 월계동  월계로 319,37.6286376,127.0561463
문화예술회관,성북여성회관,서울  성북구 돈암동 606-258   ),37.5958216414,127.0079852954
기타,재미랑,서울  중구 남산동2가,37.55825685072221,126.98621496737573
도서관,구립반포도서관,서울특별시 서초구 고무래로 34,37.5024886051,127.012512651
미술관,코엑스전시장,서울  강남구 삼성동 159-1 ),37.5103947,127.0611127
미술관,한국공예문화진흥원,서울  종로구 관훈동 182-2 ),37.5740425,126.9841581
도서관,용산도서관,서울특별시 용산구 두텁바위로 160,37.5520066655,126.9801412521
미술관,세컨드에비뉴 갤러리,서울특별시 중구 필동로8길 22,37.5551328866,126.9949117472
박물관/기념관,목인박물관,서울  종로구 견지동 83 ),37.5739569,126.9836694
기타,이문체육문화센터,서울  동대문구 이문동 189  ),37.6022699,127.0687620
도서관,대림정보문화도서관,서울  영등포구 대림동   도신로27길 9,37.5042667,126.8960500
기타,서울남부여성발전센터,서울특별시 금천구 독산로50길 23,37.4635575108,126.90647057
문화예술회관,광화문아트홀,서울  종로구 인왕산로1길 21,37.5746022,126.9647130
미술관,애니살롱(재미랑5호),서울  중구 남산동2가 26-5  3층,37.558134323,126.9862828964
미술관,유리지공예관,서울  서초구 우면동,37.45768681467509,127.01261368751152
공연장,상명아트센터,서울  종로구 홍지동 7-1,37.60295237794524,126.95631563230714
기타,신도림예술공간 고리,서울  구로구 구로동 3-33,37.5079891008,126.8909247643
기타,뚝섬전망문화콤플렉스,서울  광진구 자양동 97-5,37.53052501170862,127.06503039230314
기타,동대문구체육관,서울  동대문구 답십리동 2-294 ),37.5724191,127.0639379
공연장,중랑문화체육관,서울  중랑구 면목동 ),37.5792934,127.0957856
기타,중구청소년수련관,서울특별시 중구 동호로5길 19,37.5518562991,127.0125661668
기타,중구여성플라자,서울특별시 중구 다산로32길 5 3층,37.5612768658,127.0148313923
기타,금천마을활력소 어울샘,서울특별시 금천구 탑골로 22,37.4518086904,126.9116478168
기타,개운산스포츠센터,서울  성북구,37.5967823,127.0261534
기타,운현궁,서울  종로구 삼일대로 464,37.5761250,126.9870500
문화원,창동스포츠문화컴플렉스,서울  도봉구,37.6582937,127.0508618
문화원,양천문화원,서울  양천구 신정동 ),37.5165593,126.8632740
도서관,강북솔샘문화정보센터,서울  강북구 미아동 1354-4 ),37.6205185,127.0124524
공연장,강서구 문화관광,서울  강서구 화곡동 980-16 ),37.5509370,126.8496420
미술관,스튜디오 콘크리트,서울특별시 용산구 한남대로 162,37.5424505123,127.0025165385
도서관,강남구립대치도서관,서울특별시 강남구 삼성로 212,37.4996164902,127.0659173376
공연장,강북문화예술회관,서울  강북구 수유동 360-10  ),37.6408544,127.0133421
문화예술회관,관악문화관,서울  관악구 신림동 151-858  ),37.4679596,126.9447500
문화예술회관,용산아트홀,서울  용산구 이태원동 ),37.5328310,126.9896162
문화예술회관,은평문화예술회관,서울  은평구 녹번동 85-4  ),37.6036299,126.9279878
공연장,서울숲공원 야외공연장,서울  성동구 성수동1가 685-306  ),37.5436840,127.0409120
문화예술회관,영등포아트홀,서울  영등포구 당산동3가 ),37.5262451,126.9001286
문화예술회관,강남구민회관,서울  강남구 대치동 509-2    ),37.4938226,127.0642688
도서관,수유문화정보센터,서울  강북구 수유동 605-412 ),37.6301290,127.0175430
박물관/기념관,돈의문박물관마을,서울특별시 종로구 송월길 14-3,37.56882394907892,126.96852312550762
도서관,강남구립역삼도서관,서울특별시 강남구 역삼로7길 16,37.4953738379,127.0332824837
도서관,국회도서관,서울  영등포구 여의도동   의사당대로 1,37.5312547,126.9171584
미술관,겸재정선미술관,서울  강서구 가양동 243-1,37.5722318468,126.8387099445
기타,영등포구청,서울  영등포구 당산동3가 385-1 ),37.5264360,126.8960040
기타,중랑구민체육센터,서울  중랑구,37.6151321,127.0874625
도서관,성북정보도서관,서울  성북구 상월곡동 24-348 ),37.6048486,127.0504258
기타,강북웰빙스포츠센터,서울  강북구 번동 318 ),37.6304749,127.0378273
미술관,갤러리 라메르,서울  종로구 인사동 194 5길 26 홍익빌딩 (관훈동),37.5725264,126.9849468
미술관,갤러리 상,서울  종로구 인사동 159 길 17 (인사동),37.5723081,126.9865397
도서관,서초구립반포도서관,32-13 서초구립반포도서관(고무래로 34),0,0
미술관,셀린박 갤러리,서울특별시 강남구 압구정로32길 30,37.5257900767039,127.029756991789
기타,우이신설 문화예술철도 솔밭공원역,서울 강북구 우이동 57-28,37.6566359601797,127.013383891578
도서관,배봉산 숲속 도서관,서울특별시 동대문구 전농로16길 97,37.578443110427,127.06273508839
미술관,진산갤러리,서울특별시 마포구 양화로3길 63,37.551755269582,126.910826404766
기타,문화공간 이육사,서울특별시 성북구 종암로21가길 36-1,37.5981380921564,127.032601556099
미술관,갤러리 가이아,서울  종로구 관훈동 145           ),37.5750777,126.9834808
문화예술회관,서대문문화회관,서울  서대문구 홍은동 26-155  ),37.5807500,126.9314625
박물관/기념관,종이나라박물관,서울  중구 장충동1가 62-35,37.5596237,127.0039674
공연장,연강홀,서울  종로구 연지동 270 ),37.5717079,127.0011948
도서관,금천구립정보도서관,서울  금천구,37.4734953,126.8921364
공연장,명동난타극장,서울  중구 명동길 26,37.5634110,126.9837813
박물관/기념관,한국천주교순교자박물관,서울  마포구 합정동 96-1  절두산순교성지,37.5441363,126.9117967
박물관/기념관,김치박물관,서울  강남구 삼성동 159 ),37.5129437,127.0571142
공연장,한전아트센터,서울  서초구,37.4857035,127.0279457
기타,우이신설 문화예술철도 가오리역,서울 강북구 수유동 338-47,37.6416271253072,127.016787795528
도서관,서초구립양재도서관,서울특별시 서초구 양재천로 33,37.473679184261,127.03357244367
미술관,kp 갤러리 (korea photographers gallery),서울특별시 용산구 소월로2나길 12,37.553329541813,126.977312778908
미술관,아트선재센터,서울  종로구 소격동 144-2 ),37.5794750,126.9818375
박물관/기념관,용산공원 갤러리,서울시 용산구 한강로1가 1-1,37.5388010721099,126.972463802885
문화예술회관,아트온더무브,서울특별시 영등포구 양산로 지하 200,37.5227345248969,126.904959169819
기타,세빛섬,서울특별시 서초구 올림픽대로 2085-14,37.51210831321759,126.99554354921652
기타,문학의집서울,서울특별시 중구 퇴계로26길 65,37.5580841736,126.9892390979
박물관/기념관,황학정 국궁전시관,서울특별시 종로구 사직로9길 15-32,37.577919084,126.96394572
도서관,강동구립암사도서관,서울  강동구 암사동 471-37 ),37.5528446,127.1333498
박물관/기념관,농업박물관,서울  중구 충정로1가 100-707 ),37.5668447,126.9683226
도서관,도봉어린이문화정보센터,서울  도봉구 창동 ),37.6590571,127.0495750
공연장,광진구민체육센터,서울  광진구,37.5459907,127.1069190
도서관,도봉문화정보센터,서울  도봉구 창동 418 ),37.6446038,127.0438870
박물관/기념관,서대문자연사박물관,서울  서대문구,37.5765663,126.9376126
박물관/기념관,경기여고 경운박물관,서울  강남구 개포동 152 ),37.4878684,127.0660782
기타,우이신설문화예술철도 보문역,서울시 성북구 보문2동 91-7,37.58496514030357,127.01953237465104
기타,중랑구체육회,서울특별시 중랑구 동일로 619,37.5857544989514,127.07947536182017
문화원,장충체육관,서울  중구 장충동2가 220-102,37.5581865,127.0067900
기타,SETEC전시장(서울무역전시장),서울특별시 강남구 남부순환로 3104,37.4956773978,127.0719118019
공연장,세종대학교 대양홀,서울  광진구 군자동 98 ),37.5486916,127.0744875
미술관,국제갤러리,서울  종로구 소격동 59-1 ),37.5807006,126.9804771
미술관,김영섭사진화랑,서울  종로구 관훈동 169-2,37.5743500,126.9841880
기타,평화문화진지,서울특별시 도봉구 마들로 932,37.6908086292,127.0472154469
기타,은평구청소년문화의집 신나는애프터센터,서울특별시 은평구 연서로6길 7,37.6043734995,126.9166272426
미술관,디뮤지엄,서울특별시 용산구 독서당로29길 5-6,37.536950273,127.0115182016
공연장,허리우드 스카이쇼 (낙원상가),서울특별시 종로구 삼일대로 428,37.5727630728,126.9879012314
미술관,필갤러리(Fill Gallery),서울특별시 용산구 유엔빌리지길 24,37.5335842911,127.0097798487
공연장,프로젝트박스 시야,서울시 용산구 장문로 60 행복나눔재단,37.5263441835,126.9961083494
공연장,용산 동자아트홀,서울특별시 용산구 한강대로 372,37.5516772671,126.9729212431
미술관,아웃사이트(out_sight),서울특별시 종로구 창경궁로35가길 12 GF,37.5872586942711,127.001368055445
문화원,이마트은평점,서울특별시 은평구 은평로 111,37.6003575474,126.9201920314
공연장,롯데콘서트홀,,37.5131010685,127.1034317323
공연장,용산꿈나무종합타운,,37.5386613022,126.9655079691
공연장,연세대학교,서울특별시 서대문구 연세로 50,37.5651508821,126.9392768848
기타,서교예술실험센터,서울특별시 마포구 잔다리로6길 33,37.5524684065,126.9209402449
기타,서울시립청소년미디어센터,서울  용산구 갈월동 101-5,37.5409841386,126.9726082866
미술관,가나아트스페이스,서울  종로구 관훈동 188-0 ),37.5749830,126.9839130
미술관,갤러리 도올,서울  종로구 팔판동 27-6 ),37.5832040,126.9816710
공연장,신도림 오페라하우스,서울시 구로구 구로동 3-39,37.5079891008,126.8909247643
박물관/기념관,조세박물관,서울  종로구 수송동 104 ),36.4854350,127.2606287
기타,창신소통공작소,서울특별시 종로구 창신6가길 47,37.576204842,127.0123936578
기타,북촌문화센터,서울특별시 종로구 계동길 37,37.5790878763,126.9862745249
공연장,문화일보홀,서울  중구 충정로1가 68 ),37.5671515,126.9685599
기타,강서지역정보센터,서울  강서구 등촌동 705-4 ),37.5589789,126.8478810
기타,노원구청,서울  노원구 상계동 701-1 ),37.6543580,127.0564730
도서관,노원어린이도서관,서울  노원구 중계동 356 ),37.6582022,127.0766623
기타,동대문구청 아트갤러리,서울  동대문구 용두동 39-9 ),37.5745240,127.0396500
문화예술회관,리틀엔젤스예술회관,서울  광진구 능동 로36길 25 (능동),37.5502335,127.0873013
공연장,빈집프로젝트,서울특별시 금천구 독산로96길 6,37.4749117711,126.9038833644
도서관,강서구립도서관,서울  강서구,37.5478818,126.8599269
공연장,손기정문화체육센터,서울  중구 만리동2가    손기정로 101,37.5555802,126.9649505
공연장,국립극단 소극장 판,서울특별시 용산구 청파로 373,37.5531465405,126.9682807466
기타,용산구 갈월종합사회복지관,서울특별시 용산구 두텁바위로 25,37.5457743451,126.9748244451
도서관,서초구립내곡도서관,서울특별시 서초구 청계산로7길 9-20,37.4520021701,127.0544427012
도서관,내를 건너서 숲으로 도서관,서울시 은평구 증산로 17길 50 내를건너서숲으로도서관,37.591913,126.908152
박물관/기념관,한양도성박물관,서울특별시 종로구 율곡로 283,37.572857089314816,127.0085126173547
기타,청춘삘딩,서울특별시 금천구 시흥대로138길 10-11,37.4721652661,126.899283582
미술관,아트아치,서울특별시 마포구 독막로9길 34,37.5497187306853,126.920522968907
기타,중랑구민회관,서울  중랑구,37.5738058,127.0850044
박물관/기념관,체신기념관,서울  종로구 견지동 39-7 ),37.5744500,126.9826250
박물관/기념관,평강성서유물박물관,서울  구로구 오류동 150-15 ),37.4919550,126.8440830
미술관,포스코미술관,서울  강남구 대치동 892  ),37.5057694,127.0558879
공연장,프리머스 신림,서울  관악구 신림동 151-890  1422-41,37.4846492,126.9298115
기타,떼아뜨르 秋,서울  마포구 서교동 358-116 ),37.5531351,126.9222205
공연장,팝콘D스퀘어,서울특별시 용산구 한강대로23길 55,37.5297736038,126.9647427471
공연장,서울남산국악당,서울  중구 필동2가 84-1,37.55842867722703,126.99370731054663
공연장,동자아트홀,서울특별시 용산구 한강대로 372 센트레빌 아스테리움 서울KDB생명타워 지하2층,37.5516772671,126.9729212431
도서관,구로구립개봉도서관,서울특별시 구로구 개봉로16길 30-11,37.48899216484345,126.85889338319454
공연장,용산 일신홀,서울특별시 용산구 한남대로 98,37.537166946,127.0055169856
공연장,용산 더줌아트센터,서울특별시 용산구 독서당로 111,37.5361216881,127.0073091119
공연장,구로 꿈나무극장,서울특별시 구로구 구로동로26길 54 4층(구로동),37.48956474331406,126.88647383628242
도서관,용산 백합어린이도서관,서울특별시 용산구 후암로15길 19-22,37.5487192144,126.9768015471
도서관,서울도서관,서울특별시 중구 세종대로 110,37.5663174209601,126.977829174031
기타,과거와 현재 도시와 도시를 이어주는 복합문화공간 &quot;용산공예관&quot;,서울특별시 용산구 이태원로 274,37.5390272618407,127.002075483615
기타,서울특별시여성능력개발원,서울특별시 마포구 마포대로 89,37.54323634461455,126.94978185798433
기타,밝은미소센터,일원로121 일원역338-3호(23번출입구 방향),37.48375009630887,127.08511541722191
공연장,명동예술극장,서울특별시 중구 명동길 35,37.5639761281,126.984217308
도서관,금천구립가산도서관,서울 금천구 가산로5길 43,0,0
미술관,가나아트센터,서울  종로구 평창동  평창30길 28,37.6121853,126.9750798
공연장,유니버설아트센터,서울  광진구,37.5508142,127.0880112
공연장,KT&G 상상아트홀,서울  강남구 대치동  영동대로 416 코스모타워 3층,37.5069075,127.0650936
공연장,충정로난타극장,서울  서대문구 충정로3가 476,37.5602665,126.9622394
공연장,KT체임버홀,서울시 양천구 목동서로 201,37.529459865995044,126.87111768035753
기타,세종마을 상촌재,서울특별시 종로구 자하문로17길 12-11,37.5818556960931,126.969677623398
도서관,구로구립 글마루한옥어린이도서관,서울특별시 구로구 고척로27바길 7,37.5069150594,126.8456365737
기타,우리은행 본점,서울특별시 중구 소공로 51,37.559438353357024,126.98175095441134
기타,서울책보고,서울특별시 송파구 신천동 14,37.52239260387785,127.10298301432702
기타,유담헌,서울특별시 종로구 북촌로 76,37.58357832381031,126.98539967358421
공연장,예빛섬,서울특별시 서초구 올림픽대로 683,37.510936979995535,126.99486498213613
미술관,킵인터치 서울,서울특별시 종로구 북촌로1길 13,37.57731455810547,126.98494807091173
기타,서울생각마루,자양동 97-5,37.53100838897391,127.06422528077903
도서관,서울휴먼라이브러리,서울특별시 동대문구 서울시립대로 163 서울시립대학교,37.58388984933984,127.05878195363569
미술관,동덕아트갤러리,서울  종로구 관훈동 151-4 ),37.5749033,126.9833114
미술관,동호갤러리,서울  종로구 관훈동 197-18 ),37.5731158,126.9852158
미술관,롯데월드 화랑,서울  송파구 잠실동 40-1 ),37.5112448,127.0979614
문화원,노원문화원,서울특별시 노원구 동일로197길 24,37.628799084377015,127.06980136717746
문화원,국기원,서울  강남구 역삼동 635 ),37.5019899,127.0303100
미술관,토포하우스,서울  종로구 관훈동 184 ),37.5740830,126.9843130
미술관,쌈지스페이스,서울  마포구 창전동 5-129 ),37.5538858,126.9296571
공연장,아이들극장,서울특별시 종로구 성균관로 91,37.5904592018,126.9987998007
문화예술회관,아트하우스 모모,서울특별시 서대문구 이화여대길 52,37.5625599361,126.9474554074
공연장,폼텍웍스홀,서울특별시 마포구 잔다리로3길 34,37.5506967844,126.9179183169
박물관/기념관,서울함공원,서울특별시 마포구 마포나루길 407,37.5557881498366,126.89395156850625
도서관,청운문학도서관,서울특별시 종로구 자하문로36길 40,37.5903786043,126.965918905
미술관,코리아나미술관,서울특별시 강남구 언주로 827,37.5240691643,127.032811048
공연장,여의도 물빛무대,서울특별시 영등포구 여의동로 330,37.53212462535445,126.92779526412901
박물관/기념관,서울하수도과학관,서울 성동구 용답동 250-7,37.5570864957,127.0580682563
기타,사각사각 플레이스,송파구 한가람로 65,잠실역,잠실새내역
도서관,강동구립천호도서관,서울특별시 강동구 성안로31마길 1,37.5405219609,127.1340836611
기타,용산구 남영동 자치회관,서울특별시 용산구 두텁바위로 25,37.5457743451,126.9748244451
기타,용산구 원효로1동 자치회관,서울특별시 용산구 백범로 350,37.5372419256,126.9676267129
기타,용산구 원효로2동 자치회관,서울특별시 용산구 효창원로8길 3,37.5343532215,126.9515482962
기타,용산구 효창동 자치회관,서울특별시 용산구 효창원로 161,37.5425092453,126.9618400136
도서관,강남구립못골한옥어린이도서관,서울특별시 강남구 자곡로7길 3,37.4733049813,127.099727635
공연장,홍익대 대학로 아트센터,서울특별시 종로구 대학로 57,37.5765585834389,127.001450046714
미술관,공갤러리,서울  종로구 인사동 23-2 2-2 (인사동),37.5727833,126.9865375
도서관,강남구립못골도서관,서울특별시 강남구 자곡로 116,37.4715380102,127.0965825896
기타,숭인제1동 자치회관,서울시 종로구 종로65길 10,37.575194724087744,127.01976528515288
박물관/기념관,동국대학교 박물관,서울  중구 필동3가 26,37.5582533,127.0023443
박물관/기념관,몽촌역사관,서울  송파구 방이동 88 ),37.5238852,127.1243709
미술관,갤러리 선앤문,서울  종로구 관훈동 30-9 ),37.5743508,126.9857422
미술관,갤러리 JJ,서울특별시 강남구 논현로 745,37.51830749598996,127.0283879033108
도서관,삼봉서랑(도서관),서울특별시 종로구 삼봉로 43,37.5731978732,126.9788134479
도서관,동대문구 답십리도서관,서울특별시 동대문구 서울시립대로4길 75,37.573192636618145,127.05036050634935
미술관,LG 사이언스홀,서울  영등포구 여의도동 20   LG트윈타워 서관 3층,37.5277895,126.9286274
기타,이건하우스,서울특별시 마포구 동교로 161,37.5559634438,126.9197052184
기타,중랑평생학습관,서울특별시 중랑구 망우로67길 10,37.60056073853804,127.10148716205731
기타,간송미술문화재단,서울특별시 중구 을지로 281,37.56741127787706,127.0108890181753
도서관,구로구립개봉어린이도서관,서울특별시 구로구 경인로 318-15 2 3층,37.4967430786,126.8559120258
도서관,동대문구 정보화도서관,서울특별시 동대문구 회기로10길 60,37.5899695058832,127.047289694219
미술관,OCI미술관,서울특별시 종로구 우정국로 45-14,37.5732395069024,126.982128279816
공연장,청년허브 다목적홀,서울특별시 은평구 통일로 684,37.60940533804935,126.93495535259598
박물관/기념관,쉼박물관,서울  종로구 홍지동 36-20 ),37.5994900,126.9556630
박물관/기념관,삼성출판박물관,서울  종로구 구기동 126-4 ),37.6086466,126.9570848
박물관/기념관,서울올림픽기념관,서울  송파구 방이동 88 ),37.5202976,127.1159236
박물관/기념관,이화여대박물관,서울  서대문구 대현동 11-1 ),37.5627451,126.9467751
박물관/기념관,한국금융사박물관,서울  중구 태평로1가 62-12 ),37.5686681,126.9764215
박물관/기념관,짚?풀 생활사박물관,서울  종로구 명륜2가 8-4 ),37.5849163,126.9997938
기타,상촌재,서울특별시 종로구 자하문로17길 12-11,37.5818562365,126.9696769439
미술관,가나아트 한남,서울특별시 용산구 대사관로 35,37.5337504606,127.0021496707
미술관,성북구립 최만린미술관,서울특별시 성북구 솔샘로7길 23,37.610659342343546,127.00429017402932
공연장,아이러브아트센터,서울특별시 강남구 압구정로32길 30,37.5257900767039,127.029756991789
도서관,강남구립청담도서관,서울특별시 강남구 압구정로79길 26  청담동주민센터  7층,37.5250905785,127.0492919062
도서관,금천구립시흥도서관,서울 금천구 금하로 764,0,0
기타,서울자유시민대학,1-1 서울자유시민대학,37.570787,126.966338
도서관,성동구립용답도서관,서울특별시 성동구 용답동 용답중앙3길 10,37.566684,127.051297
도서관,강남구립논현도서관,서울특별시 강남구 학동로43길 17,37.5172779093,127.0371879136
도서관,강남구립즐거운도서관,서울특별시 강남구 도곡로77길 23,37.4997288383,127.0578473914
기타,서울문화예술철도 영등포시장역(아트온더무브),서울특별시 영등포구 양산로 지하 200,37.5227345248969,126.904959169819
박물관/기념관,금성당?샤머니즘박물관,서울특별시 은평구 진관2로 57-23,37.6351354711,126.9253799732
기타,용산전통공예문화체험관,서울특별시 용산구 이태원로 274,37.5390267212,127.0020774071
기타,용산구립장애인복지관,서울특별시 용산구 효창원로93길 49,37.5473060777,126.9615705084
미술관,스페이스 신선(SPACE SHINSEON),서울특별시 용산구 이태원로 256,37.5373688921,127.0012762872
도서관,금천구립도서관,서울  금천구 독산동 375-2 ),37.4675724,126.9080685
도서관,동대문도서관,서울  동대문구 신설동 109-4 ),37.5735535,127.0247796
기타,서울로 7017,서울특별시 중구 만리동1가 1,37.5549086616,126.9674334691
기타,우이신설문화예술철도 신설동역,서울시 동대문구 신설동 132-30,37.57640144364416,127.02313911495623
기타,우이신설문화예술철도 북한산우이역,서울시 강북구 우이동 16-20,37.662436534591095,127.01289758990866
기타,중랑마을지원센터,망우로 55길 19 2층,37.59894586538318,127.09310526996628
공연장,오유아트홀,서울특별시 강남구 남부순환로378길 34-9,37.4836995569626,127.04641546215196
공연장,대원 컨텐츠 라이브,서울특별시 용산구 한강대로23길 55,37.5297736038,126.9647427471
도서관,아름꿈도서관,서울특별시 종로구 종로58가길 19(숭인동),37.5726975804,127.0171157579
미술관,갤러리 비선재,서울특별시 용산구 유엔빌리지3길 54-14,37.5357642548,127.0142787231
기타,용산구 한강로동 자치회관,서울특별시 용산구 한강대로30길 21,37.5274391256,126.9679658175
공연장,용산용암어린이도서관,서울특별시 용산구 신흥로3가길 21-7,37.5410187594,126.9846928588
공연장,강남구립행복한도서관,서울특별시 강남구 영동대로65길 24,37.5023060444,127.064187116
도서관,강남구립역삼푸른솔도서관,서울특별시 강남구 테헤란로8길 36,37.4964986405,127.0320300084
박물관/기념관,가회민화박물관,서울특별시 종로구 북촌로 52,37.5815096214,126.9852279941
기타,서울시농수산식품공사 가락몰 쿠킹스튜디오,서울특별시 송파구 양재대로 932,37.495076923441324,127.11556998544535
공연장,신촌문화발전소,서울특별시 서대문구 연세로2나길 57,37.5579611736,126.9397535366
기타,현대카드 스토리지,서울특별시 용산구 이태원로 248,37.5368102755,127.0008644292
도서관,용산구립청파도서관,서울특별시 용산구 청파로93길 27,37.5539248195,126.9676059172
기타,SETEC전시장,서울  강남구 대치동 514,37.4957891941,127.0717943025
미술관,동서화랑,서울  종로구 관훈동 196-3 ),37.5743250,126.9846000
박물관/기념관,부엉이 박물관,서울  종로구 삼청동 27-21 ),37.5870760,126.9829594
미술관,서울아트센터,서울  종로구 공평동  우정국로2길 32,37.5694595,126.9847764
공연장,국립극단 백성희장민호극장,서울특별시 용산구 청파로 373,37.5531465405,126.9682807466
도서관,월곡꿈그림도서관,서울특별시 성북구 화랑로13길 17 월곡꿈그림도서관,37.60416930077701,127.04207130781678
박물관/기념관,한양대학교 박물관,서울특별시 성동구 왕십리로 222,37.555041642011815,127.0447032332567
도서관,우리소리도서관,서울특별시 종로구 삼일대로30길 47,37.5744823869,126.9902329177
공연장,예스24 라이브홀,서울  광진구 광장동 319-33,37.5457347994,127.1080529382
미술관,사비나미술관,서울특별시 은평구 진관1로 93,37.6301283914144,126.9292775033292
미술관,박영덕화랑,서울  강남구 청담동 81-10 ),37.5257660,127.0449520
미술관,서울시립미술관,서울  중구 서소문동 덕수궁길 61,37.5642066,126.9737733
미술관,삼성미술관 Leeum,서울  용산구 한남동 747-18 ),37.5380703,126.9993406
공연장,동방예술극장,서울  마포구 노고산동 33-22 ),37.5545135,126.9384617
박물관/기념관,전쟁기념관,서울  용산구 용산동1가 8 ),37.5368975,126.9768849
박물관/기념관,한국자수박물관,서울  강남구 논현동 89-4  ),37.5154348,127.0333300
공연장,대학로문화공간,서울  종로구 동숭동 1-75 ),37.5822968,127.0036504
박물관/기념관,덕성여자대학교 박물관,서울  도봉구 쌍문동 419 ),37.6529783,127.0164423
박물관/기념관,도산안창호 기념관,서울  강남구 신사동 649-9 ),37.5239978,127.0356302
미술관,관훈갤러리,서울  종로구 관훈동 195 ),37.5738697,126.9842614
기타,국립박물관문화재단,서울특별시 용산구 서빙고로 137,37.52470232606506,126.97774115153027
도서관,용산 고래이야기 작은도서관,서울특별시 용산구 효창원로 157,37.5419433693,126.9616909401
미술관,종로구립 박노수미술관,서울특별시 종로구 옥인1길 34,37.5813184758,126.9668196784
공연장,수색동 주민센터(다목적실),서울특별시 은평구 은평터널로 27,37.5841654769,126.8975659639
기타,경의선 책거리,서울  마포구 동교동  와우산로 35길 50-4,37.55654655856701,126.92837153384995
미술관,토탈미술관,서울  종로구 평창동 465-2 ),37.6121236,126.9756892
박물관/기념관,경찰박물관,서울  종로구 신문로2가 58 ),37.5690096,126.9696222
박물관/기념관,국립민속박물관,서울  종로구 세종로 1-1 ),37.5815645,126.9789313
미술관,남산전시관,서울  용산구 이태원동 258-148,37.5414922,126.9970933
박물관/기념관,한국가구박물관,서울  성북구 성북동 330-577 ),37.5999625,126.9930505
박물관/기념관,한국은행 화폐금융박물관,서울  중구 남대문로3가 110 ),37.5620607,126.9805213
기타,노원구민체육센터,서울  노원구 중계동 507-3 ),37.6481321,127.0707250
기타,장안평 자동차산업 종합정보센터,서울특별시 성동구 자동차시장1길 64,37.560323132915926,127.06451754176365
박물관/기념관,코리아나 화장박물관,강남구 언주로 827,37.52450167801044,127.0326935857424
공연장,롯데월드 시네마,서울  송파구 잠실동 40-1 ),37.5112448,127.0979614
공연장,롯데월드 야외공연장,서울  송파구 잠실동 47 ),37.5112448,127.0979614
기타,종로문화재단 윤동주문학관,서울특별시 종로구 창의문로 119(청운동),37.5920259037,126.9669236248
도서관,구로구립 온누리도서관,구로중앙로27나길 9 (구로동 443번지) 온누리관 4층,37.4968912311,126.8859561262
도서관,세곡도서관,서울 강남구 밤고개로 286 세곡문화센터 2층 세곡도서관,37.4685773826129,127.10693796972367
박물관/기념관,한국천주교순교자박물관,서울특별시 마포구 토정로 6,37.54413670126136,126.91179244226984
기타,관악청소년회관,서울특별시 관악구 신림로23길 17,37.470244262344224,126.93524343264204
기타,관악구청,서울특별시 관악구 관악로 145,37.47820977441988,126.95150316671918
박물관/기념관,수림아트센터,홍릉로 118 (청량리동),37.590714974080065,127.04283933629749
박물관/기념관,안중근의사기념관,서울  중구 남대문로5가 471 ),37.5534654,126.9803691
박물관/기념관,서울교육사료관,서울  종로구 화동 2 ),37.5797770,126.9832525
공연장,건국대학교 새천년대공연장,서울  광진구 화양동 1 ),37.543118,127.0773358
도서관,양천도서관,서울  양천구 목동 905 서로 113 (목동),37.5336544,126.8759573
문화원,몽골문화원,서울  광진구 광장동 388-8 ),37.5470862,127.1011097
기타,갤러리BK,서울특별시 용산구 이태원로42길 56,37.5369580357,127.0012943835
미술관,디지털 파빌리온,서울  마포구 상암동 1605 ),37.5797267,126.8909381
박물관/기념관,서울역사박물관,서울  종로구 새문안로 55,37.5701434,126.9704375
기타,서울창작공간,서울  동대문구 용두동 255-67 ),37.5715090,127.0337136
문화예술회관,돈화문 서울무형문화재교육전시장,서울특별시 종로구 율곡로 10길 13,37.576909,126.991089
문화원,구립마포청소년문화의집,서울  마포구 상암동 1688 ),37.5804167,126.8840000
기타,용산 꿈나무 종합타운,서울특별시 용산구 백범로 329,37.5389026251,126.9650145311
기타,메이커시티 세운,서울특별시 종로구 종로3가 143-1,37.57024080362742,126.99507824926042
도서관,구산동도서관마을,서울특별시 은평구 연서로13길 29-23,37.6095101902,126.9130879469
미술관,국립현대미술관 덕수궁관,서울시 중구 세종대로 99(정동) 덕수궁 내,37.5661691433,126.9739845077
문화예술회관,서울생활문화센터 서교,서울특별시 마포구 양화로 72 효성해링턴타워 지하1층-지하2층,37.5508021700653,126.916715922466
기타,한강공원,서울특별시 성동구 강변북로 257,37.53893287064474,127.04172912689942
문화원,마포문화원,서울특별시 마포구 백범로 227,37.54222951467874,126.95548998908842
공연장,정효아트센터 음악당,서울특별시 서초구 사임당로18길 52-2,37.48754894374979,127.01962457649186
박물관/기념관,서울시립과학관,서울특별시 노원구 한글비석로 160,00,00
미술관,구슬모아당구장,서울특별시 용산구 독서당로 85,37.5346582819,127.009807143
박물관/기념관,서울한방진흥센터 서울약령시한의약박물관,서울특별시 동대문구 약령중앙로 26,37.5805999642,127.037586191
기타,스페이스 신선,서울특별시 용산구 이태원로 256,37.5373688921,127.0012762872
미술관,갤러리 현대,서울  종로구 사간동 122 ),37.5766750,126.9798250
박물관/기념관,서강대학교 박물관,서울  마포구 신수동 1-1 ),37.5519033,126.9430526
공연장,롯데시네마 노원,서울  노원구 상계동 713 ),37.6551726,127.0609970
공연장,단성사,서울  종로구 묘동 56 ),37.5711571,126.9926518
공연장,상봉시네마,서울  중랑구 상봉동 92-2 ),37.5967167,127.0890973
박물관/기념관,전기박물관,서울  서초구 서초동 1355 ),37.4861503,127.0276478
박물관/기념관,서울암사동유적,서울특별시 강동구 올림픽로 875,37.5598538144,127.1308315505
기타,언더스탠드에비뉴,서울  성동구 성수동1가 685-704,37.543606566,127.0436417957
공연장,JCC 아트센터,서울  종로구 혜화동  창경궁로35길 29,37.58746789100366,127.00226443643811
기타,서울역사편찬원,서울  송파구 방이동  88-3,37.52184600398425,127.1242085741983
기타,문화비축기지,서울  마포구 성산동 661  증산로 87,37.5703456074,126.8950311952
도서관,강남구립도곡정보문화도서관,서울특별시 강남구 도곡로18길 57,37.4883118354,127.0388786754
도서관,구립응암정보도서관,서울특별시 은평구 가좌로7길 15,37.5859665629,126.9196820595
박물관/기념관,신문박물관,서울  종로구 세종로 139,37.5698125,126.9776744
박물관/기념관,태권도기념관,서울  강남구 역삼동 635 ),37.5019899,127.0303100
공연장,대학로 열린 극장,서울  종로구 명륜2가 21-18 ),37.5836265,127.0004798
미술관,갤러리 세줄,서울  종로구 평창동 464-13 ),37.6134132,126.9751579
공연장,서울 아트 시네마,서울  종로구 낙원동  삼일대로 428,37.5698574,126.9918633
공연장,서울극장,서울  종로구 관수동  돈화문로 13,37.5697448,126.9918078
공연장,부암아트홀,서울  종로구 부암동 208-71 ),37.5958212,126.9641028
공연장,세실극장,서울  중구 정동 3-7,37.5667574,126.9757243
공연장,해바라기 소극장,서울특별시 종로구 동숭길 76 지하1층,37.5816438117,127.0043745504
문화원,일본공보문화원,서울  종로구 운니동 114-8,37.5768328,126.9866725
문화예술회관,장지공방,서울특별시 송파구 충민로 10 가든파이브 툴관 3층 E30,37.4786174059,127.1191081995
미술관,갤러리 조은,서울특별시 용산구 유엔빌리지길 28,37.5333860813,127.009653106
미술관,예술의 기쁨,서울특별시 용산구 효창원로70길 35,37.5420161396,126.9638815459
미술관,용산 아트스페이스 루,서울특별시 용산구 한강대로44길 5,37.5311519109,126.9704939648
기타,삼각산시민청,서울특별시 강북구 삼양로 595,37.6561548685,127.013091424
기타,삼청각,서울  성북구 성북동 330-115 ),37.5971248,126.9842404
공연장,영산양재홀,서울  서초구 양재동 20-4 ),37.4805096,127.0383644
문화원,중국문화원,서울  종로구 내자동 200 ),37.5745917,126.9713625
공연장,밀알학교 세라믹 팔레스홀,서울  강남구 일원동 713 ),37.4858171,127.0824692
박물관/기념관,가톨릭대학교 전례박물관,서울  종로구 혜화동 90-1 ),37.5850448,127.0046230
기타,동작구 문화관광,서울 동작구 노량진동 47-2 ,,
기타,충무로영상센터 오!재미동,서울특별시 중구 퇴계로 199,37.5611731348,126.9941100077
기타,구의아리수문화재,서울특별시 광진구 광나루로 571 구의아리수정수센터,37.54421954423048,127.09296927442402
도서관,구로구립 하늘도서관,서울특별시 구로구 구로동로13길 68,37.487375665,126.8813482699
기타,옹기테마공원 체험장,서울특별시 중랑구 신내로21길 116,37.6126480373,127.088523996
기타,연희문학창작촌,서울 서대문구 증가로2길 6-7,37.5716731193,126.930953809
기타,서울로미디어캔버스,서울특별시 중구 만리재로 215,37.55659103776328,126.96821760617013
박물관/기념관,성북선잠박물관,서울특별시 성북구 성북로 96,37.59321623050399,126.99823926525617
공연장,경향아트힐 2층 썬앤문 전용관,서울특별시 중구 정동길 3,37.56800030261646,126.96972387691777
기타,조계사,서울특별시 종로구 우정국로 55,37.573893952230144,126.9818832690818
기타,시립용산노인종합복지관,서울특별시 용산구 독서당로11길 16,37.5313356203,127.0064623807
미술관,경인미술관,서울  종로구 관훈동 30-1 ),37.5743957,126.9855213
기타,상촌재,서울특별시 종로구 자하문로17길 12-11,37.5818634304965,126.96962259858235
도서관,상림마을작은도서관,서울특별시 은평구 진관4로 48-25,37.6442159909,126.9289423549
기타,우이신설 문화예술철도 북한산보국문역,서울 성북구 정릉동 286-19,37.6114907121639,127.008705933686
미술관,두산갤러리,서울특별시 종로구 종로33길 15,37.5718123278145,127.00100010537
도서관,마포구립서강도서관,서울  마포구 창전동 145-15,37.5477396982,126.9320894018
박물관/기념관,경희대학교 자연사박물관,서울  동대문구 회기동 130-701 ),37.5977812,127.0552077
공연장,고양아람누리,경기도 고양시 일산동구 중앙로 1286,37.6614864117,126.7744561364
공연장,동대문 디자인 플라자,서울특별시 중구 을지로 281,37.5668131264,127.0096257245
공연장,CKL 스테이지,서울특별시 중구 청계천로 40,37.568527585,126.9816264885
박물관/기념관,경희대학교 중앙박물관,서울  동대문구 회기동      경희대로6길 7-13,37.5969969,127.0527938
박물관/기념관,관문사 성보박물관,서울  서초구 우면동  바우뫼로7길 111 관문사,37.4737010,127.0222310
박물관/기념관,동덕여자대학교 박물관,서울  성북구 하월곡동 23-1,37.6055004,127.0418169
기타,신당창작아케이드,서울 중구 마장로 87,37.5673552,127.0195172
문화원,이스라엘문화원,서울  서초구 서초동 137-603  서초타운트라팰리스),37.4956514,127.0269941
문화원,이탈리아 문화원,서울  용산구 한남동 714 ),37.5370506,127.0055871
도서관,구로구립궁동어린이도서관,서울특별시 구로구 오리로 1352,37.5022109068,126.8292613686
기타,문래예술공장,서울 영등포구 경인로88길 5-4,37.5132230728,126.9001378359
공연장,안양아트센터,경기도 안양시 만안구 문예로36번길 16,37.3845158532,126.9316181034
공연장,성남아트센터,경기도 성남시 분당구 성남대로 808,37.4029561261,127.1305582736
기타,공릉청소년문화정보센터,서울특별시 노원구 노원로1나길 10,37.6215862021,127.0830657482
문화원,반포잠원교육지원센터,서울특별시 서초구 사평대로 273 B1,37.5050942184,127.0133771492
공연장,서울악스,서울  광진구,37.5457356,127.1079896
공연장,성암아트홀,서울  강남구 논현동 268-16,37.5110475,127.0429711
공연장,샘터 파랑새 극장,서울  종로구 동숭동 1-115 ),37.5815588,127.0023112
미술관,금호미술관,서울  종로구 사간동 78 ),37.5775115,126.9798243
미술관,단성갤러리,서울  종로구 관훈동 27-5 ),37.5738854,126.9852786
도서관,정독도서관,서울  종로구 화동  북촌로5길 48,37.5810398,126.9829524
공연장,롯데월드 마술극장,서울  송파구 잠실동 40-1 ),37.5112448,127.0979614
공연장,국립중앙박물관 극장 용,서울  용산구 용산동6가 168-6 ),37.5240754,126.9787824
박물관/기념관,숙명여자대학교 박물관,서울  용산구 청파동2가 52 ),37.5448733,126.9641095
박물관/기념관,이화여고 100주년기념관,서울  중구,37.5662346,126.9706692
공연장,예술극장 <나무와 물>,서울  종로구 명륜2가 8-1 ),37.5848997,127.0003713
문화예술회관,양천문화회관,서울  양천구 신정동 322 ),37.5164888,126.8631233
미술관,겸재정선미술관,서울  강서구 가양동 243-1,37.5722318468,126.8387099445
도서관,강남도서관,서울  강남구 삼성동 28  ),37.5137356,127.0469916
도서관,강동도서관,서울  강동구 길동 362 ),37.5385252,127.1437561
도서관,강북문화정보센터,서울  강북구 번동 27-108 ),37.6251737,127.0361250
미술관,어반아트,서울  강남구 신사동 545-11 ),37.5207027,127.0230798
미술관,예맥,서울  종로구 소격동 87-1 ),37.5800043,126.9809602
공연장,김동수플레이하우스,서울  종로구 연건동 178-1 ),37.5765000,127.0025375
공연장,까망소극장,서울  종로구 동숭동 1-89 ),37.5812208,127.0040346
미술관,갤러리미즈,서울  종로구 관훈동 37 ),37.5740205,126.9851335
도서관,법원도서관,서울  서초구 서초동    서초대로 219,37.4924291,127.0052084
도서관,한국점자도서관,서울  강동구 암사동 510-23 ),37.5507149,127.1248451
미술관,갤러리 아트사이드,서울  종로구 관훈동 170 ),37.5742388,126.9843332
미술관,대안공간 풀,서울  종로구 구기동 56-13 ),37.6064279,126.9592138
박물관/기념관,혜곡최순우 기념관,서울  성북구 성북동 126-20 ),37.5929433,127.0003701
박물관/기념관,화정박물관,서울  종로구 평창동   평창8길 3,37.6046985,126.9659264
미술관,일민미술관,서울  종로구 세종로 139,37.5697905,126.9776751
기타,노원청소년수련관,서울  노원구 상계동 772 ),37.6403878,127.0597454
공연장,동숭아트센터,서울  종로구 동숭동 1-5 ),37.5837289,127.0036762
미술관,불교미술관,서울  종로구 견지동 38-2 ),37.5741333,126.9827462
박물관/기념관,이화여자대학교 자연사박물관,서울  서대문구 대현동 11-1,37.5605838,126.9481395
공연장,서울시립대학교 박물관,서울  동대문구 회기동 90,37.5831425,127.0568383
도서관,노원평생학습관,서울  노원구 중계동 508 ),37.6393958,127.0677482
미술관,롯데화랑(본점),서울  중구 소공동 1 ),37.5653936,126.9808087
문화예술회관,서울교육문화회관,서울  서초구,37.4660597,127.0335948
공연장,유시어터,서울  강남구,37.5222551,127.0411515
공연장,청아소극장(구 리듬공간소극장),서울  종로구 혜화동 195 ),37.5839997,127.0027142
공연장,노원어린이극장,서울특별시 노원구 노해로 502 지하1층,37.6544500497108,127.063692307584
공연장,영산아트홀,서울  영등포구 여의도동 12 ),37.5295560,126.9250467
미술관,소마미술관,서울  송파구 방이동  올림픽로 424,37.5168777,127.1182342
공연장,서울예술치유허브,서울  성북구 종암동 28-358,37.592381530777104,127.03700332330155
박물관/기념관,세종대학교 박물관,서울  광진구 군자동 98 ),37.5514972,127.0752374
공연장,강동어린이회관아이누리홀,서울  강동구 성내동 556-1 ),37.5291630,127.1224690
공연장,아리랑 씨네센터,서울  성북구 돈암동 538-98 ),37.6003400,127.0138370
박물관/기념관,초전섬유 퀼트박물관,서울  중구 남산동1가 20 ),37.5580718,126.9841930
문화원,이스탄불 문화원,서울  강남구 역삼동 629-6 ),37.4994311,127.0358578
박물관/기념관,지구촌 민속박물관,서울  중구 회현동1가 100-177 ),37.5545569,126.9814096
미술관,동산방화랑,서울  종로구 견지동 93 ),37.5729420,126.9833500
공연장,예술의 전당,서울  서초구 서초동 700 ),37.4785361,127.0107423
공연장,극단연우무대,서울  종로구 혜화동  창경궁로35길 21 다림빌딩 지하 연우 소극장,37.5869660,127.0017811
공연장,글로브극장,서울  종로구 연건동  대학로 60 동마루빌딩 4층,37.5765000,127.0025375
미술관,인사아트센터,서울  종로구 관훈동 188 ),37.5740008,126.9846706
미술관,조선일보미술관,서울  중구 태평로1가 61-28 ),37.5679682,126.9751842
미술관,조형갤러리,서울  종로구 인사동 194-27 5길 29 태화빌딩 B1 (인사동),37.5719330,126.9847880
미술관,카이스갤러리,서울  강남구 청담동 99-5 ),37.5285429,127.0350311
공연장,백암아트홀,서울  강남구,37.5103944,127.0660520
공연장,모시는 사람들,서울  종로구 혜화동 74-38 ),37.5866340,127.0004776
공연장,브레이크 아웃 전용극장,서울  종로구 관철동  삼일대로 386 시네코아빌딩 9층,37.5689546,126.9880891
도서관,구로도서관,서울  구로구 구로동 106-1 ),37.4985419,126.8916742
공연장,모차르트콘서트홀,서울  서초구 서초동 1515-3 ),37.4863962,127.0045140
문화원,목동운동장,서울  양천구 목동 914  ),37.5300930,126.8818961
문화원,서울월드컵경기장,서울  마포구 성산동 526-3 ),37.5682553,126.8972733
미술관,갤러리 룩스,서울  종로구 관훈동 185 ),37.5815760,126.9678458
공연장,대한극장,서울  중구 충무로4가 125 ),37.5611944,126.9953324
도서관,이진아기념도서관,서울  서대문구 현저동 101 ),37.5730503,126.9555345
미술관,표갤러리,서울  용산구 이태원동 258-79 ),37.5413722,126.9961829
공연장,소극장아리랑,서울  종로구 동숭동 1-153 ),37.5799950,127.0042515
미술관,덕원갤러리,서울  종로구 인사동 15  길 24 (인사동),37.5729412,126.9865174
공연장,도원극장,서울  은평구 녹번동 79-2 ),37.6020142,126.9303270
미술관,덕수궁미술관,서울  중구 정동 5-1 ),37.5658456,126.9737396
기타,서울 애니메이션 센터,서울 중구 소공로 48,37.5585092,126.9879162
미술관,예화랑,서울  강남구 신사동 532-8 ),37.5228454,127.0222649
박물관/기념관,육군사관학교 박물관,서울  노원구 공릉동 77 ),37.6229208,127.1004547
미술관,pkm gallery,서울  종로구 화동  율곡로3길 74-9,37.5840972,126.9800724
기타,대학로연습실,서울 종로구 동숭길117 한석빌딩 1층,37.5831603,127.0034413
공연장,롯데월드 가든스테이지,서울  송파구 잠실동 40-1 ),37.5109341,127.0979626
공연장,국립국악원,서울  서초구 서초동  남부순환로 2364,37.4778469,127.0088804
공연장,국립중앙극장,서울  중구 장충동2가 14-67 ),37.5526708,126.9996175
박물관/기념관,국립서울과학관,서울  종로구 와룡동 110-360 ),37.5820426,126.9971614
박물관/기념관,서울닭문화관,서울  종로구 가회동 12 ),37.5826498,126.9852670
박물관/기념관,서울대학교 치과대학 치의학 박물관,서울  종로구 연건동 110-749 ),37.5768763,126.9997812
공연장,금호아트홀,서울  종로구 신문로1가  새문안로 75 금호아시아나 1관 3층,37.5704344,126.9728844
공연장,단막극장,서울  종로구 동숭동 12-6 ),37.5832418,127.0044270
문화예술회관,나루아트센터,서울  광진구 자양동 227-344  ),37.5376439,127.0706037
공연장,대학로극장,서울  종로구 연건동 178-1 ),37.5765000,127.0025375
공연장,SJ비보이극장,서울  마포구 서교동  와우산로 121 삼진제약빌딩 지하1층 비보이즈극장,37.5535364,126.9268661
미술관,갤러리 원 (원화랑),서울  강남구 청담동 101-5 ),37.5275250,127.0458630
미술관,대림미술관,서울  종로구 통의동 35-1 ),37.5775335,126.9733591
미술관,아트센터 나비,서울  종로구 서린동  종로 26 SK 본사빌딩 4층,37.5698077,126.9804918
기타,꼬스트홀,서울  중구 명동2가 1-1 ),37.5632657,126.9867360
미술관,선갤러리,서울  종로구 인사동 184 5길 8 (인사동),37.5729269,126.9856937
미술관,성곡미술관,서울  종로구 신문로2가 1-101 ),37.5732338,126.9694964
박물관/기념관,한국영화박물관,서울  마포구 상암동 1602 ),37.5805910,126.8898501
박물관/기념관,쇳대박물관,서울  종로구 동숭동 187-8 ),37.5798205,127.0046195
박물관/기념관,세계장신구 박물관 (World Jewellery Museum),서울  종로구 화동 75-3 ),37.5809998,126.9818207
박물관/기념관,서울약령시한의약박물관,서울  동대문구 용두동 787 ),37.5777688,127.0377656
미술관,환기미술관,서울  종로구 부암동 210-8 ),37.5940981,126.9661218
박물관/기념관,별난물건박물관,서울  용산구 용산동1가 8 ),37.5373365,126.9784621
미술관,북촌미술관,서울  종로구 가회동 170-4  ),37.5802792,126.9847664
박물관/기념관,샬트르성바오로수녀회 역사박물관,서울  중구 명동2가 1-6 ),37.5624324,126.9880625
미술관,서울대학교 미술관,서울  관악구 신림동 56-1 ),37.4664469,126.9496874
박물관/기념관,연세대학교 중앙박물관,서울  서대문구 신촌동 134 ),37.5617989,126.9379423
박물관/기념관,옹기민속박물관,서울  도봉구 쌍문동 497-15 ),37.6543558,127.0131873
문화원,올림픽스포츠센터,서울  송파구 방이동 89-12 ),37.5153590,127.1333890
박물관/기념관,숙명여자대학교 정영양자수박물관,서울  용산구 효창동 52,37.5449219,126.9641116
박물관/기념관,백범기념관,서울  용산구 효창동 255 ),37.5442812,126.9592347
박물관/기념관,보나장신구 박물관,서울  종로구 관훈동 192-10 ),37.5735826,126.9845298
박물관/기념관,한국불교역사문화기념관,서울  종로구 견지동 45,37.5744580,126.9820647
박물관/기념관,상명대학교 박물관,서울  종로구 홍지동 110-743 ),37.6027666,126.9551533
문화원,용산문화원,서울  용산구 원효로4가 87-4 ),37.5334662,126.9522020
기타,롯데월드,서울  송파구 잠실동  올림픽로 240 호텔롯데 롯데월드,37.5110794,127.0981638
공연장,샤롯데씨어터,서울  송파구 잠실동 40-1 ),37.5105764,127.0998629
박물관/기념관,호림박물관,서울  관악구 신림동 1707 ),37.4809816,126.9182180
박물관/기념관,서대문형무소역사관,서울  서대문구,37.5742887,126.9562269
공연장,학전GREEN소극장,서울  종로구 동숭동 1-8 ),37.5839245,127.0030173
공연장,명보극장,서울  중구 초동 18-5 ),37.5646356,126.9932200
공연장,삼일로창고극장,서울시 중구 삼일대로9길 12,37.5634690,126.9879706
공연장,판타지움,서울  종로구 명륜2가 41-9 ),37.5833998,126.9998563
미술관,인사아트프라자갤러리,서울  종로구 관훈동 21 ),37.5738082,126.9856112
박물관/기념관,영인문학관,서울  종로구,37.6119654,126.9715875
공연장,하라스튜디오,서울특별시 금천구 가산디지털1로 181 가산w센터 B218호,37.4814249861909,126.880393604209
공연장,갈갈이홀,서울  종로구 동숭동 1-100 ),37.5810002,127.0035186
공연장,강남구민회관강당,서울  강남구 대치동 509-2 ),37.4938226,127.0642688
공연장,구로구민회관 대강당,서울  구로구 구로동 102 ),37.4971237,126.8897292
박물관/기념관,국민대학교 박물관,서울  성북구 정릉동  정릉로 77,37.6129080,126.9938822
공연장,금빛공원 야외공연장,서울  금천구 독산동 371-2 ),37.4700137,126.9073560
박물관/기념관,울트라 건축 박물관,서울  양천구 신정동  중앙로 256,37.5198157,126.8534090
박물관/기념관,의학박물관,서울  종로구 연건동 110-744 ),37.5768763,126.9997812
공연장,소월아트홀,서울  성동구 행당동 142-16 ),37.5593204,127.0360160
박물관/기념관,생명과학박물관,서울  양천구 목동 405-207,37.5239050,126.8719642
박물관/기념관,고려대학교 박물관,서울  성북구 안암동5가 1-2 ),37.5895165,127.0343531
문화예술회관,강서구민회관,서울  강서구 내발산동 19-1  ),37.5533732,126.8436044
공연장,두산아트센터 space111,서울  종로구 연지동 270 ),37.5719250,127.0008625
공연장,서울돈화문국악당,서울  종로구 와룡동 12-2,37.5772502822,126.9907306641
기타,아트숨비센터 ,서울특별시 은평구 은평로8길 9,37.599397087074,126.920720302106
공연장,강남씨어터,서울특별시 강남구 역삼로7길 16 3층,37.4953732068069,127.033283840382
기타,무빙아트미술교육원 ,경기도 부천시 도약로 83,37.5119041152704,126.758754273352
공연장,대안공간 ○:PEN,서울특별시 성북구 동소문로20가길 28,37.5927615964234,127.017905827343
기타,서울풍물시장 청춘일번가,서울특별시 동대문구 천호대로4길 21,37.5727131853349,127.025502937291
기타,잠실창작스튜디오,서울 송파구 올림픽로25 종합운동장 내,37.5164791342,127.0729995585
기타,서울무용센터,서울 서대문구 명지2길 14,37.5830598426,126.9278728999
기타,서울도시건축전시관,서울특별시 중구 세종대로 119,37.5668837502225,126.976702419575
미술관,슈페리어갤러리,서울특별시 강남구 테헤란로 528 슈페리어타워 지하1층,37.5080952698916,127.062000046367
박물관/기념관,서울상상나라,서울  광진구 능동로 216,37.550550,127.077569
기타,서울문화재단,서울시 동대문구 청계천로 517,37.5715090,127.0337136
기타,서울생활문화센터 낙원,서울특별시 종로구 삼일대로 428,37.5727635233966,126.987902476529
기타,플랫폼창동61,서울특별시 도봉구 마들로11길 74,37.6540775923559,127.048737337133
도서관,구로구립 꿈마을도서관,서울특별시 구로구 디지털로27다길 65,37.4871431613036,126.890154656237
기타,서울생활문화센터 체부,서울특별시 종로구 자하문로1나길 3-2,37.5767084987432,126.97148941423
미술관,종로구립 고희동미술관,서울특별시 종로구 창덕궁5길 40,37.5831328092664,126.988964342912
미술관,갤러리 구루지,서울특별시 구로구 가마산로25길 21,37.4971026873195,126.889549086694
기타,SPACE 1257,서울특별시 강남구 학동로 146 와일리 타워 1층,37.5125036615996,127.026928980849
박물관/기념관,세계골프역사박물관,서울특별시 강남구 테헤란로 528 슈페리어타워 지하2층,37.5080952698916,127.062000046367
미술관,경춘선숲길 갤러리,서울특별시 노원구 화랑로 608,37.6244923212463,127.093103140084
문화예술회관,평촌아트홀,경기도 안양시 동안구 평촌대로 76,37.3799805227776,126.964031773927
기타,청춘극장,서울특별시 중구 새문안로 22,37.5671292085624,126.968644839862
공연장,성수아트홀,서울  성동구 성수동1가   656-323,37.5454144938,127.0469742265
박물관/기념관,서울우리소리박물관,서울특별시 종로구 율곡로 96,37.577157928122,126.989622047178
공연장,오류아트홀,서울특별시 구로구 경인로20가길 38,37.4953581177106,126.846035797544
박물관/기념관,함석헌기념관,서울특별시 도봉구 도봉로123길 33-6,37.6529616157973,127.034796402967
기타,갤러리 히든플레이스,울특별시 서대문구 대현동 53-9,37.5584812115306,126.946249418096
기타,tbs(서울특별시미디어재단),서울특별시 마포구 매봉산로 31,37.5757269662412,126.889972593033
미술관,청화랑,서울특별시 강남구 삼성로147길 4,37.5227377435925,127.0476509664
기타,남산 소나무 힐링숲,서울 중구 장충동2가 산 14-21,37.5511808994054,126.996585980735
미술관,서울노인복지센터(탑골미술관),서울특별시 종로구 삼일대로 467,37.5759657913407,126.985853298403
기타,남산공원 호현당,서울 중구 회현동1가 산 1-44,37.5550484830696,126.98043243063
미술관,호리아트스페이스,서울특별시 강남구 압구정로80길 26 3층,37.5247990731669,127.044610517722
박물관/기념관,전태일기념관,서울특별시 종로구 청계천로 105,37.5684664512813,126.989300313392
미술관,동작아트갤러리,서울특별시 동작구 보라매로5길 28-1,37.4937925089905,126.923108368608
공연장,유니플렉스,서울특별시 종로구 대학로12길 64,37.5811975750507,127.00362019054
기타,강남시니어플라자,서울특별시 강남구 봉은사로 332,37.5097871620279,127.043218315638
문화원,동작문화원,서울특별시 동작구 장승배기로10길 42,37.5044455276,126.941088352368
공연장,충무아트센터,서울시 중구 퇴계로 387,127.0147825286629,37.566016563386825
도서관,국립중앙도서관 실감서재,서울특별시 서초구 반포대로 201,37.4974225959085,127.003227919207
도서관,구로기적의도서관,서울특별시 구로구 구로중앙로40길 24,37.5067351295793,126.877375885107
박물관/기념관,기생충박물관,서울특별시 강서구 화곡로 333,37.5536201368903,126.850750096253
기타,도봉구민청 1층 갤러리,서울특별시 도봉구 마들로 656,37.6687161285201,127.047131400119
도서관,어린이청소년 국학도서관,서울특별시 종로구 명륜길 26 와룡문화센터 5층,37.588685880434,126.995540232987
도서관,불암도서관,서울특별시 노원구 중계로8길 20,37.6453608485938,127.083218103465
공연장,아티스탄홀,서울특별시 종로구 대학로 132,37.5830954646593,127.00210331198
공연장,마루아트홀,서울특별시 종로구 대학로8가길 30,37.5822944732185,127.002523766192
기타,경의선 책거리,서울특별시 마포구 와우산로37길 35,37.5564449579661,126.929021141536
기타,서울시청 하늘광장 갤러리,서울특별시 중구 세종대로 110,37.5663174209601,126.977829174031
미술관,상계예술마당,서울특별시 노원구 상계로10길 41-7,37.6557775544452,127.068364829752
기타,생활문화지원센터(104예술창작소),서울특별시 노원구 중계로6나길 39 중계마을복지회관,37.6426824265339,127.087422603341
박물관/기념관,사육신역사관,서울특별시 동작구 노량진로 191,37.5134579901091,126.949411135441
기타,DDP(동대문디자인플라자),서울특별시 중구 을지로 281,37.5668131264,127.0096257245
기타,강남힐링센터(코엑스),서울특별시 강남구 테헤란로87길 46,37.51137783911759,127.0580407444569
미술관,중랑아트센터,서울 중랑구 상봉동 500 이노시티 C동 B2F,37.598101220303,127.090513674158
기타,서울대공원,경기 과천시 막계동 160-2,37.4364305503019,127.014098361931
공연장,국립극장,서울특별시 중구 장충단로 59,37.5519949082942,126.999267349473
박물관/기념관,청계천박물관 ,서울특별시 성동구 청계천로 530,37.5712661734969,127.03504316401
문화원,성북문화원,서울특별시 성북구 성북로4길 13-8 성북문화원,37.589692655287244,127.00572552659251 
기타,한국영상자료원,서울특별시 마포구 월드컵북로 400 한국영상자료원,37.5804510730532,126.88989352596
기타,맛동,서울특별시 은평구 녹번동 5-29,37.6094070491111,126.934953878791
기타,한양도성 유적전시관,서울 중구 회현동1가 100-267,37.553904433191235,126.98179078204588
미술관,스페이스 이수 ,서울특별시 서초구 반포동 사평대로 84 1층 ,126.99395097001525,37.498164367303815
미술관,ADM 갤러리,서울특별시 강남구 역삼로14길 20,37.493208661734,127.035638210136
기타,올리비아 박갤러리,서울특별시 강남구 도산대로81길 40,37.527016821141,127.046881347002
박물관/기념관,서울공예박물관,서울특별시 종로구 율곡로3길 4,37.5766481740232,126.983533363501
박물관/기념관,근현대사기념관 ,서울특별시 강북구 4.19로 114,37.6434410661945,127.002830628534
미술관,신한갤러리,서울특별시 강남구 역삼로 251,37.4986310664978,127.044022609937
기타,김중업 건축문화의집,서울 성북구 장위로21나길 11,127.044043,37.614973
기타,재단법인 동작문화재단,서울특별시 동작구 흑석로 93-1,37.5074908749187,126.959885366268
공연장,금나래아트홀,서울 금천구 시흥동 1030,37.45715584907164,126.89676291125964
기타,서울기록원,서울특별시 은평구 통일로62길 7,37.60753302960548,126.93486015241535
공연장,관악아트홀,서울 관악구 신림로 3길 35,37.475437,126.941541
기타,종로문화재단,서울특별시 종로구 새문안로3길 3,37.5706561909703,126.972394349258
기타,관악어린이창작놀이터,서울특별시 관악구 은천로10길 3,37.4858745672707,126.940827842801
공연장,크리에이터스 스페이스,서울특별시 동대문구 안암로 86-1,37.58348608726266,127.03050316419218
기타,관악문화재단,서울특별시 관악구 신림로3길 35,37.4675976516718,126.944870911674
기타,도봉문화재단,서울특별시 도봉구 노해로63길 43,37.6527100727313,127.043941727221
박물관/기념관,둘리뮤지엄,서울 도봉구 쌍문동 산 250,37.652173224507,127.024530151063
